1
10
101
103
1030
105
1052
1055
1057
1059
106
108
1083
109
11
110
1100
1101
111
114
1140
115
11707
1172
12
124
1268
127
13
135
14
15
157
15794
16
17
18
1840
18404
1845
185
1850
186
1863
187
1876
19
193
19748
19766
2
20
216
217
22
23
23598
24
25
26
26599
266
26694
2751
2756
2764
2765
2770
2772
2775
279
2791
2793
28
280
2800
2807
2815
2819
2827
2835
2836
2841
2845
2863
2865
2883
2897
29
2957
2978
298
2983
2993
29938
2999
3
30
3013
3036
3040
3041
3043
3045
3058
306
3062
3067
3073
3081
3084
3089
3098
31
3115
3123
3137
3138
3139
3140
3143
3144
3147
3150
3154
3155
3156
3158
3160
3165
3166
3169
3173
3185
3189
32
3209
3211
3213
323
324
32504
32507
32513
32516
3265
3291
3317
335
34
3409
3413
3430
35
36
364
365
366
37
38
380
38027
38407
389
39
390
395
4
40
400
404
405
407
41
412
414
419
42
420
421
422
423
425
42966
43
43247
43359
4351
44
441
4440
4473
44861
4512
45360
4537
459
460
46420
46429
46790
46792
46793
46828
46838
46850
46880
46897
46913
46937
46945
46966
478
48258
483
48303
484
50583
51034
51128
51131
51190
51255
51390
51474
51550
52068
52112
52168
52214
52241
52461
538
55292
55323
55368
55641
55905
55934
56266
56304
5642
566
567
56763
56795
568
569
5690
570
571
572
58314
588
59575
59623
6
60787
60952
61548
61776
61875
6591
661
6672
6675
67549
67736
67758
67789
68115
68605
68637
68890
714
7265
73636
738
746
747
76222
76352
76528
777
778
779
81349
9
90716
90764
90770
90797
90812
90863
90866
90907
91
92
93
93220
941
942
9423
945
946
948
95
950
952
95589
958
959
96
961
967
97
976
97950
97968
97969
97970
98
981
984
987
989
99
994
